9 27
0.971434849484 0.758679085521 0.865035516969 0.919604362161 0.963539134662 1.0 0.955727487642 0.968623165782 0.935295677539 0.789258165889 0.59165333005 0.471753426828 0.416658290615 0.566737200802 0.667170895889 0.856365443985 0.986588432523 0.924040564725 0.941789835999 1.0 1.0 1.0 1.0 1.0 0.912732102399 0.881914421257 6
1.0 1.0 1.0 1.0 1.0 0.97296079315 0.90629701268 0.890727443022 0.861575178998 0.708884868108 0.530715252985 0.422074320577 0.381411867189 0.516474758856 0.578867753281 0.785097587777 0.975820491328 1.0 1.0 0.954975845411 0.922664141414 0.934831460674 0.884837962963 0.999061913696 1.0 1.0 5
0.633047681828 0.647473892182 0.708497763746 0.785949784428 0.823529411765 0.820189274448 0.792821835375 0.747892600687 0.778705913551 0.726692695934 0.66250153884 0.686831471357 0.754950246256 0.934678062052 0.94890897402 1.0 0.958669159843 0.762311924173 0.683336707836 0.664927536232 0.571022727273 0.54456928839 0.456018518519 0.426829268293 0.627490299227 0.657988829427 9
0.813447593935 0.751058425064 0.838726650881 0.897286330205 0.921001458435 0.894321766562 0.877928218354 0.898532625663 0.903076107133 0.78287782116 0.656900160039 0.576816417083 0.561865514122 0.717497045811 0.830162992096 0.964680027209 1.0 0.869026314045 0.822129985827 0.801352657005 0.78851010101 0.792134831461 0.752314814815 0.684803001876 0.735123310503 0.751700123858 2
0.807295099978 0.655376799323 0.747697974217 0.779609434441 0.852455031599 0.886885984678 0.852353320438 0.922416484546 0.989657915672 0.923721550329 0.819463252493 0.700023769907 0.63982979864 0.690565830333 0.737926861551 0.838156035791 0.886453027274 0.819579770663 0.798845920227 0.831884057971 0.882891414141 0.911235955056 0.947337962963 0.978424015009 0.766191827912 0.686359281157 7
0.828389364975 0.726220716907 0.765324914496 0.803449150393 0.862421001458 0.917981072555 0.882226520524 0.919450515142 0.954653937947 0.844681458909 0.685337929336 0.552729577688 0.505544945891 0.666492621397 0.763604734712 0.930406572131 0.995099619576 0.8851991781 0.833974488763 0.889661835749 0.836174242424 0.853558052434 0.803819444444 0.839587242026 0.828901794318 0.770372274544 1
0.44232036915 0.53993790573 0.547750591949 0.610956124778 0.625911521633 0.705272645336 0.694390715667 0.755697783328 0.850304958897 0.855442338825 0.801058722147 0.832105221456 0.864576004289 1.0 1.0 0.986604573282 0.88793603714 0.717571419103 0.61976108524 0.673236714976 0.624053030303 0.675280898876 0.627893518519 0.609756097561 0.550847678325 0.518193077984 4
0.742254449572 0.656505786057 0.705340699816 0.79000760842 0.909577053962 0.972735466426 1.0 1.0 1.0 0.899533377774 0.737720054167 0.615838681562 0.57566924649 0.741707658908 0.833831259691 0.945999686045 0.987233219421 0.838801617286 0.766450698522 0.76193236715 0.668244949495 0.64531835206 0.598958333333 0.551594746717 0.721997968697 0.702040148629 3
0.495275763568 0.430708439176 0.471981057616 0.531067714938 0.60573650948 0.670797656602 0.725338491296 0.81548548236 0.956907981968 1.0 1.0 1.0 1.0 0.925032289978 0.861853798737 0.831929255403 0.800373976401 0.674753098694 0.564081797935 0.607149758454 0.571022727273 0.60861423221 0.588541666667 0.56660412758 0.586968410636 0.469818419761 8
